0.000000000000000000e+00
1.800000000000000000e+01
6.960000000000000000e+02
0.000000000000000000e+00
0.000000000000000000e+00
6.050000000000000000e+02
0.000000000000000000e+00
0.000000000000000000e+00
1.000000000000000000e+01
0.000000000000000000e+00
1.000000000000000000e+00
1.000000000000000000e+00
0.000000000000000000e+00
0.000000000000000000e+00
9.000000000000000000e+00
2.600000000000000000e+01
5.200000000000000000e+01
5.100000000000000000e+01
1.000000000000000000e+01
5.900000000000000000e+01
0.000000000000000000e+00
0.000000000000000000e+00
0.000000000000000000e+00
0.000000000000000000e+00
9.000000000000000000e+00
0.000000000000000000e+00
1.110000000000000000e+02
3.280000000000000000e+02
7.360000000000000000e+02
0.000000000000000000e+00
1.000000000000000000e+01
3.400000000000000000e+02
