6.000000000000000000e+00
0.000000000000000000e+00
1.262000000000000000e+03
0.000000000000000000e+00
0.000000000000000000e+00
4.440000000000000000e+02
0.000000000000000000e+00
0.000000000000000000e+00
0.000000000000000000e+00
3.000000000000000000e+00
0.000000000000000000e+00
6.000000000000000000e+00
0.000000000000000000e+00
0.000000000000000000e+00
0.000000000000000000e+00
4.000000000000000000e+00
0.000000000000000000e+00
1.660000000000000000e+02
4.000000000000000000e+00
1.060000000000000000e+02
0.000000000000000000e+00
0.000000000000000000e+00
0.000000000000000000e+00
0.000000000000000000e+00
0.000000000000000000e+00
0.000000000000000000e+00
9.000000000000000000e+00
1.170000000000000000e+02
7.190000000000000000e+02
0.000000000000000000e+00
6.000000000000000000e+00
2.200000000000000000e+02
