5.300000000000000000e+01
1.840000000000000000e+02
2.080000000000000000e+02
0.000000000000000000e+00
0.000000000000000000e+00
6.590000000000000000e+02
6.500000000000000000e+01
0.000000000000000000e+00
5.560000000000000000e+02
6.500000000000000000e+01
0.000000000000000000e+00
2.960000000000000000e+02
0.000000000000000000e+00
2.000000000000000000e+00
2.690000000000000000e+02
3.000000000000000000e+01
5.200000000000000000e+01
3.980000000000000000e+02
2.320000000000000000e+02
1.070000000000000000e+02
0.000000000000000000e+00
0.000000000000000000e+00
0.000000000000000000e+00
0.000000000000000000e+00
1.900000000000000000e+01
0.000000000000000000e+00
9.510000000000000000e+02
1.820000000000000000e+03
2.400000000000000000e+02
3.400000000000000000e+01
6.560000000000000000e+02
9.580000000000000000e+02
