0.000000000000000000e+00
0.000000000000000000e+00
9.300000000000000000e+01
0.000000000000000000e+00
0.000000000000000000e+00
1.240000000000000000e+02
7.800000000000000000e+01
0.000000000000000000e+00
8.000000000000000000e+00
1.000000000000000000e+00
0.000000000000000000e+00
8.000000000000000000e+00
0.000000000000000000e+00
0.000000000000000000e+00
3.700000000000000000e+01
0.000000000000000000e+00
0.000000000000000000e+00
5.000000000000000000e+00
0.000000000000000000e+00
0.000000000000000000e+00
0.000000000000000000e+00
0.000000000000000000e+00
0.000000000000000000e+00
0.000000000000000000e+00
0.000000000000000000e+00
0.000000000000000000e+00
2.200000000000000000e+01
1.560000000000000000e+02
1.020000000000000000e+02
8.000000000000000000e+00
0.000000000000000000e+00
1.260000000000000000e+02
