2.000000000000000000e+00
0.000000000000000000e+00
1.306000000000000000e+03
0.000000000000000000e+00
0.000000000000000000e+00
8.110000000000000000e+02
6.000000000000000000e+00
0.000000000000000000e+00
0.000000000000000000e+00
0.000000000000000000e+00
0.000000000000000000e+00
5.000000000000000000e+01
1.000000000000000000e+00
0.000000000000000000e+00
1.100000000000000000e+01
0.000000000000000000e+00
0.000000000000000000e+00
7.370000000000000000e+02
6.000000000000000000e+01
4.960000000000000000e+02
1.000000000000000000e+00
0.000000000000000000e+00
0.000000000000000000e+00
0.000000000000000000e+00
0.000000000000000000e+00
0.000000000000000000e+00
4.000000000000000000e+00
1.110000000000000000e+02
9.360000000000000000e+02
4.000000000000000000e+00
2.030000000000000000e+02
2.020000000000000000e+02
