4.000000000000000000e+00
2.341000000000000000e+03
1.990000000000000000e+02
0.000000000000000000e+00
0.000000000000000000e+00
2.070000000000000000e+02
6.000000000000000000e+00
0.000000000000000000e+00
4.340000000000000000e+02
3.000000000000000000e+00
0.000000000000000000e+00
3.200000000000000000e+01
3.000000000000000000e+01
0.000000000000000000e+00
1.473000000000000000e+03
2.800000000000000000e+01
3.100000000000000000e+02
1.480000000000000000e+02
7.820000000000000000e+02
3.390000000000000000e+02
2.000000000000000000e+00
0.000000000000000000e+00
0.000000000000000000e+00
0.000000000000000000e+00
9.300000000000000000e+01
0.000000000000000000e+00
2.400000000000000000e+02
2.560000000000000000e+02
2.990000000000000000e+02
3.000000000000000000e+00
1.410000000000000000e+02
4.840000000000000000e+02
