0.000000000000000000e+00
1.174000000000000000e+03
3.130000000000000000e+02
0.000000000000000000e+00
0.000000000000000000e+00
3.650000000000000000e+02
0.000000000000000000e+00
0.000000000000000000e+00
1.398000000000000000e+03
0.000000000000000000e+00
0.000000000000000000e+00
8.000000000000000000e+00
0.000000000000000000e+00
0.000000000000000000e+00
6.600000000000000000e+01
3.550000000000000000e+02
8.890000000000000000e+02
1.680000000000000000e+02
1.990000000000000000e+02
1.800000000000000000e+01
0.000000000000000000e+00
0.000000000000000000e+00
0.000000000000000000e+00
0.000000000000000000e+00
1.301000000000000000e+03
0.000000000000000000e+00
4.030000000000000000e+02
7.800000000000000000e+01
2.400000000000000000e+01
0.000000000000000000e+00
1.360000000000000000e+02
1.700000000000000000e+01
