4.000000000000000000e+00
9.800000000000000000e+01
1.361000000000000000e+03
0.000000000000000000e+00
0.000000000000000000e+00
1.367000000000000000e+03
2.900000000000000000e+01
2.000000000000000000e+00
1.400000000000000000e+01
4.000000000000000000e+00
1.000000000000000000e+00
1.500000000000000000e+01
1.400000000000000000e+01
0.000000000000000000e+00
5.970000000000000000e+02
2.710000000000000000e+02
6.000000000000000000e+01
5.200000000000000000e+01
2.700000000000000000e+01
8.000000000000000000e+01
3.000000000000000000e+00
1.500000000000000000e+01
0.000000000000000000e+00
0.000000000000000000e+00
0.000000000000000000e+00
1.000000000000000000e+00
7.300000000000000000e+01
7.670000000000000000e+02
1.148000000000000000e+03
1.800000000000000000e+01
4.000000000000000000e+00
8.870000000000000000e+02
