4.500000000000000000e+01
1.700000000000000000e+01
5.200000000000000000e+02
0.000000000000000000e+00
0.000000000000000000e+00
1.240000000000000000e+02
9.370000000000000000e+02
0.000000000000000000e+00
1.320000000000000000e+02
7.300000000000000000e+01
1.000000000000000000e+00
1.060000000000000000e+02
1.000000000000000000e+00
0.000000000000000000e+00
6.140000000000000000e+02
2.000000000000000000e+00
1.500000000000000000e+01
1.180000000000000000e+02
1.700000000000000000e+01
1.170000000000000000e+02
0.000000000000000000e+00
0.000000000000000000e+00
0.000000000000000000e+00
0.000000000000000000e+00
0.000000000000000000e+00
0.000000000000000000e+00
1.200000000000000000e+02
3.850000000000000000e+02
1.060000000000000000e+03
3.920000000000000000e+02
1.363000000000000000e+03
7.530000000000000000e+02
