3.650000000000000000e+02
0.000000000000000000e+00
1.560000000000000000e+02
0.000000000000000000e+00
0.000000000000000000e+00
2.440000000000000000e+02
2.200000000000000000e+01
0.000000000000000000e+00
6.760000000000000000e+02
1.380000000000000000e+02
3.800000000000000000e+01
1.455000000000000000e+03
3.700000000000000000e+01
0.000000000000000000e+00
2.530000000000000000e+02
0.000000000000000000e+00
2.000000000000000000e+00
1.580000000000000000e+02
1.430000000000000000e+02
2.360000000000000000e+02
1.600000000000000000e+01
0.000000000000000000e+00
0.000000000000000000e+00
0.000000000000000000e+00
0.000000000000000000e+00
0.000000000000000000e+00
7.090000000000000000e+02
1.016000000000000000e+03
2.120000000000000000e+02
1.000000000000000000e+00
5.100000000000000000e+01
9.840000000000000000e+02
