7.100000000000000000e+01
4.100000000000000000e+01
2.300000000000000000e+02
4.580000000000000000e+02
4.000000000000000000e+00
5.060000000000000000e+02
1.000000000000000000e+01
0.000000000000000000e+00
1.680000000000000000e+02
2.100000000000000000e+01
1.870000000000000000e+02
1.460000000000000000e+02
1.400000000000000000e+01
1.000000000000000000e+00
1.026000000000000000e+03
6.600000000000000000e+01
1.920000000000000000e+02
2.250000000000000000e+02
9.600000000000000000e+01
7.800000000000000000e+01
0.000000000000000000e+00
0.000000000000000000e+00
0.000000000000000000e+00
0.000000000000000000e+00
2.800000000000000000e+01
0.000000000000000000e+00
1.051000000000000000e+03
1.822000000000000000e+03
2.220000000000000000e+02
0.000000000000000000e+00
6.170000000000000000e+02
7.540000000000000000e+02
