0.000000000000000000e+00
3.000000000000000000e+00
1.840000000000000000e+02
0.000000000000000000e+00
0.000000000000000000e+00
1.140000000000000000e+02
2.000000000000000000e+00
0.000000000000000000e+00
2.000000000000000000e+00
0.000000000000000000e+00
1.000000000000000000e+00
1.000000000000000000e+00
0.000000000000000000e+00
0.000000000000000000e+00
6.800000000000000000e+01
4.600000000000000000e+01
1.000000000000000000e+01
5.900000000000000000e+01
0.000000000000000000e+00
4.000000000000000000e+00
0.000000000000000000e+00
0.000000000000000000e+00
0.000000000000000000e+00
0.000000000000000000e+00
0.000000000000000000e+00
0.000000000000000000e+00
5.700000000000000000e+01
2.520000000000000000e+02
1.100000000000000000e+02
1.900000000000000000e+01
2.500000000000000000e+01
1.220000000000000000e+02
