0.000000000000000000e+00
2.220000000000000000e+02
1.140000000000000000e+02
0.000000000000000000e+00
0.000000000000000000e+00
1.930000000000000000e+02
8.000000000000000000e+00
0.000000000000000000e+00
0.000000000000000000e+00
1.000000000000000000e+00
0.000000000000000000e+00
1.700000000000000000e+01
0.000000000000000000e+00
0.000000000000000000e+00
1.400000000000000000e+01
3.620000000000000000e+02
2.480000000000000000e+02
2.300000000000000000e+01
7.800000000000000000e+01
6.100000000000000000e+01
9.000000000000000000e+00
0.000000000000000000e+00
0.000000000000000000e+00
0.000000000000000000e+00
1.090000000000000000e+02
0.000000000000000000e+00
1.090000000000000000e+02
1.620000000000000000e+02
4.900000000000000000e+01
1.600000000000000000e+01
9.600000000000000000e+01
9.000000000000000000e+00
