0.000000000000000000e+00
2.700000000000000000e+01
5.500000000000000000e+01
0.000000000000000000e+00
0.000000000000000000e+00
6.040000000000000000e+02
0.000000000000000000e+00
0.000000000000000000e+00
0.000000000000000000e+00
0.000000000000000000e+00
0.000000000000000000e+00
0.000000000000000000e+00
0.000000000000000000e+00
0.000000000000000000e+00
0.000000000000000000e+00
8.480000000000000000e+02
9.400000000000000000e+01
1.110000000000000000e+02
4.000000000000000000e+00
0.000000000000000000e+00
4.000000000000000000e+00
0.000000000000000000e+00
0.000000000000000000e+00
0.000000000000000000e+00
2.000000000000000000e+01
0.000000000000000000e+00
4.000000000000000000e+00
5.700000000000000000e+01
0.000000000000000000e+00
0.000000000000000000e+00
6.900000000000000000e+01
3.000000000000000000e+00
