5.700000000000000000e+01
2.810000000000000000e+02
2.110000000000000000e+02
0.000000000000000000e+00
0.000000000000000000e+00
4.450000000000000000e+02
5.000000000000000000e+00
0.000000000000000000e+00
2.800000000000000000e+01
5.800000000000000000e+01
3.900000000000000000e+01
9.900000000000000000e+01
5.000000000000000000e+00
1.000000000000000000e+00
1.000000000000000000e+02
8.260000000000000000e+02
8.760000000000000000e+02
1.200000000000000000e+02
3.170000000000000000e+02
4.650000000000000000e+02
0.000000000000000000e+00
0.000000000000000000e+00
0.000000000000000000e+00
0.000000000000000000e+00
4.910000000000000000e+02
0.000000000000000000e+00
2.010000000000000000e+02
2.730000000000000000e+02
3.360000000000000000e+02
4.000000000000000000e+00
1.650000000000000000e+02
2.220000000000000000e+02
