8.000000000000000000e+00
0.000000000000000000e+00
9.000000000000000000e+00
0.000000000000000000e+00
0.000000000000000000e+00
1.490000000000000000e+02
3.000000000000000000e+00
0.000000000000000000e+00
2.000000000000000000e+00
6.000000000000000000e+00
0.000000000000000000e+00
1.400000000000000000e+01
0.000000000000000000e+00
0.000000000000000000e+00
0.000000000000000000e+00
1.610000000000000000e+02
2.400000000000000000e+01
7.000000000000000000e+00
1.000000000000000000e+01
5.000000000000000000e+00
0.000000000000000000e+00
0.000000000000000000e+00
0.000000000000000000e+00
0.000000000000000000e+00
0.000000000000000000e+00
0.000000000000000000e+00
7.300000000000000000e+01
3.000000000000000000e+01
2.900000000000000000e+01
0.000000000000000000e+00
3.000000000000000000e+00
1.700000000000000000e+01
