1.650000000000000000e+02
4.700000000000000000e+01
1.830000000000000000e+02
0.000000000000000000e+00
0.000000000000000000e+00
1.060000000000000000e+02
1.040000000000000000e+02
0.000000000000000000e+00
2.200000000000000000e+01
6.510000000000000000e+02
2.000000000000000000e+00
1.830000000000000000e+02
0.000000000000000000e+00
1.000000000000000000e+00
2.000000000000000000e+00
5.500000000000000000e+01
4.000000000000000000e+00
1.160000000000000000e+02
5.000000000000000000e+01
2.190000000000000000e+02
1.000000000000000000e+00
0.000000000000000000e+00
0.000000000000000000e+00
0.000000000000000000e+00
0.000000000000000000e+00
0.000000000000000000e+00
1.170000000000000000e+02
5.600000000000000000e+01
2.520000000000000000e+02
9.200000000000000000e+01
2.040000000000000000e+02
6.800000000000000000e+01
