6.270000000000000000e+02
3.800000000000000000e+01
2.600000000000000000e+01
0.000000000000000000e+00
0.000000000000000000e+00
2.310000000000000000e+02
0.000000000000000000e+00
1.630000000000000000e+02
5.100000000000000000e+01
1.000000000000000000e+01
2.000000000000000000e+00
4.600000000000000000e+01
5.260000000000000000e+02
7.350000000000000000e+02
6.000000000000000000e+00
2.870000000000000000e+02
4.540000000000000000e+02
3.000000000000000000e+00
6.000000000000000000e+00
4.200000000000000000e+01
0.000000000000000000e+00
1.650000000000000000e+02
0.000000000000000000e+00
1.480000000000000000e+02
2.710000000000000000e+02
6.210000000000000000e+02
8.800000000000000000e+01
6.900000000000000000e+01
5.800000000000000000e+01
2.040000000000000000e+02
0.000000000000000000e+00
6.400000000000000000e+01
