2.800000000000000000e+01
8.600000000000000000e+01
1.400000000000000000e+01
0.000000000000000000e+00
0.000000000000000000e+00
6.400000000000000000e+01
1.000000000000000000e+00
4.000000000000000000e+01
6.500000000000000000e+01
4.000000000000000000e+00
0.000000000000000000e+00
2.370000000000000000e+02
1.000000000000000000e+00
8.600000000000000000e+01
1.000000000000000000e+00
5.000000000000000000e+01
1.020000000000000000e+02
1.500000000000000000e+01
2.450000000000000000e+02
6.900000000000000000e+01
6.600000000000000000e+01
1.600000000000000000e+01
0.000000000000000000e+00
0.000000000000000000e+00
2.820000000000000000e+02
0.000000000000000000e+00
1.490000000000000000e+02
4.900000000000000000e+01
1.300000000000000000e+02
3.400000000000000000e+01
5.000000000000000000e+01
1.600000000000000000e+01
