1.510000000000000000e+02
2.900000000000000000e+01
9.700000000000000000e+01
4.000000000000000000e+00
0.000000000000000000e+00
9.800000000000000000e+01
2.000000000000000000e+00
0.000000000000000000e+00
1.000000000000000000e+00
1.360000000000000000e+02
6.000000000000000000e+00
0.000000000000000000e+00
1.200000000000000000e+02
0.000000000000000000e+00
0.000000000000000000e+00
1.820000000000000000e+02
2.260000000000000000e+02
1.640000000000000000e+02
2.000000000000000000e+00
2.800000000000000000e+01
0.000000000000000000e+00
0.000000000000000000e+00
4.000000000000000000e+00
0.000000000000000000e+00
7.000000000000000000e+01
6.400000000000000000e+01
1.300000000000000000e+01
1.500000000000000000e+01
4.800000000000000000e+01
1.000000000000000000e+00
0.000000000000000000e+00
2.390000000000000000e+02
