9.800000000000000000e+01
0.000000000000000000e+00
3.630000000000000000e+02
1.500000000000000000e+01
0.000000000000000000e+00
7.900000000000000000e+01
1.700000000000000000e+02
0.000000000000000000e+00
2.100000000000000000e+01
1.940000000000000000e+02
1.000000000000000000e+00
1.110000000000000000e+02
1.000000000000000000e+00
0.000000000000000000e+00
2.000000000000000000e+00
0.000000000000000000e+00
0.000000000000000000e+00
9.800000000000000000e+01
1.000000000000000000e+00
9.300000000000000000e+01
0.000000000000000000e+00
0.000000000000000000e+00
0.000000000000000000e+00
0.000000000000000000e+00
0.000000000000000000e+00
0.000000000000000000e+00
4.000000000000000000e+00
1.200000000000000000e+01
4.260000000000000000e+02
2.000000000000000000e+01
7.900000000000000000e+01
1.120000000000000000e+02
