1.690000000000000000e+02
4.200000000000000000e+01
9.700000000000000000e+01
9.000000000000000000e+00
0.000000000000000000e+00
2.790000000000000000e+02
4.300000000000000000e+01
3.000000000000000000e+00
9.590000000000000000e+02
6.260000000000000000e+02
5.100000000000000000e+01
1.490000000000000000e+02
0.000000000000000000e+00
0.000000000000000000e+00
7.000000000000000000e+01
1.700000000000000000e+01
8.600000000000000000e+01
2.260000000000000000e+02
3.500000000000000000e+01
1.220000000000000000e+02
1.490000000000000000e+02
0.000000000000000000e+00
1.400000000000000000e+01
0.000000000000000000e+00
5.400000000000000000e+01
0.000000000000000000e+00
7.840000000000000000e+02
5.850000000000000000e+02
4.100000000000000000e+02
0.000000000000000000e+00
7.070000000000000000e+02
1.220000000000000000e+02
