1.400000000000000000e+01
8.000000000000000000e+00
1.270000000000000000e+02
2.000000000000000000e+00
0.000000000000000000e+00
9.700000000000000000e+01
2.600000000000000000e+01
0.000000000000000000e+00
6.000000000000000000e+00
3.600000000000000000e+01
9.200000000000000000e+01
9.100000000000000000e+01
3.460000000000000000e+02
1.170000000000000000e+02
6.000000000000000000e+00
3.900000000000000000e+01
1.060000000000000000e+02
1.500000000000000000e+01
2.700000000000000000e+01
5.000000000000000000e+00
1.500000000000000000e+01
0.000000000000000000e+00
0.000000000000000000e+00
0.000000000000000000e+00
3.180000000000000000e+02
9.300000000000000000e+01
8.700000000000000000e+01
6.300000000000000000e+01
9.500000000000000000e+01
5.000000000000000000e+01
4.000000000000000000e+00
1.500000000000000000e+01
