0.000000000000000000e+00
3.300000000000000000e+01
3.800000000000000000e+01
0.000000000000000000e+00
0.000000000000000000e+00
8.500000000000000000e+01
0.000000000000000000e+00
0.000000000000000000e+00
2.500000000000000000e+01
0.000000000000000000e+00
0.000000000000000000e+00
1.200000000000000000e+01
0.000000000000000000e+00
0.000000000000000000e+00
0.000000000000000000e+00
3.080000000000000000e+02
1.490000000000000000e+02
4.500000000000000000e+01
6.000000000000000000e+00
2.000000000000000000e+00
0.000000000000000000e+00
0.000000000000000000e+00
0.000000000000000000e+00
0.000000000000000000e+00
3.290000000000000000e+02
0.000000000000000000e+00
4.200000000000000000e+01
1.600000000000000000e+01
4.000000000000000000e+00
0.000000000000000000e+00
2.000000000000000000e+00
5.000000000000000000e+00
