4.100000000000000000e+02
1.400000000000000000e+02
5.790000000000000000e+02
1.000000000000000000e+00
1.000000000000000000e+00
2.130000000000000000e+02
7.200000000000000000e+01
0.000000000000000000e+00
5.600000000000000000e+01
4.390000000000000000e+02
0.000000000000000000e+00
1.540000000000000000e+02
3.180000000000000000e+02
2.600000000000000000e+01
5.300000000000000000e+01
8.000000000000000000e+01
2.200000000000000000e+02
9.900000000000000000e+02
5.900000000000000000e+01
9.500000000000000000e+01
2.000000000000000000e+00
0.000000000000000000e+00
0.000000000000000000e+00
0.000000000000000000e+00
2.020000000000000000e+02
2.000000000000000000e+00
1.190000000000000000e+02
1.520000000000000000e+02
1.730000000000000000e+02
4.000000000000000000e+00
2.430000000000000000e+02
1.380000000000000000e+02
