5.000000000000000000e+00
1.100000000000000000e+01
8.900000000000000000e+01
9.060000000000000000e+02
2.400000000000000000e+01
3.190000000000000000e+02
1.320000000000000000e+02
8.140000000000000000e+02
3.060000000000000000e+02
0.000000000000000000e+00
1.096000000000000000e+03
1.230000000000000000e+02
0.000000000000000000e+00
0.000000000000000000e+00
5.000000000000000000e+00
1.600000000000000000e+02
7.500000000000000000e+01
2.100000000000000000e+01
5.200000000000000000e+01
2.900000000000000000e+01
8.650000000000000000e+02
1.015000000000000000e+03
0.000000000000000000e+00
5.560000000000000000e+02
8.900000000000000000e+01
0.000000000000000000e+00
9.400000000000000000e+01
7.500000000000000000e+01
9.000000000000000000e+00
0.000000000000000000e+00
4.000000000000000000e+00
3.800000000000000000e+01
