2.600000000000000000e+01
1.200000000000000000e+01
2.370000000000000000e+02
0.000000000000000000e+00
0.000000000000000000e+00
2.030000000000000000e+02
1.570000000000000000e+02
0.000000000000000000e+00
4.100000000000000000e+01
5.900000000000000000e+01
3.000000000000000000e+00
8.400000000000000000e+01
2.000000000000000000e+00
7.000000000000000000e+00
0.000000000000000000e+00
1.300000000000000000e+01
4.800000000000000000e+01
7.900000000000000000e+01
8.000000000000000000e+00
9.500000000000000000e+01
1.000000000000000000e+00
0.000000000000000000e+00
0.000000000000000000e+00
0.000000000000000000e+00
1.300000000000000000e+01
0.000000000000000000e+00
8.500000000000000000e+01
1.230000000000000000e+02
2.140000000000000000e+02
2.000000000000000000e+00
3.490000000000000000e+02
3.900000000000000000e+01
