0.000000000000000000e+00
1.310000000000000000e+02
1.770000000000000000e+02
1.200000000000000000e+01
0.000000000000000000e+00
3.480000000000000000e+02
1.490000000000000000e+02
0.000000000000000000e+00
3.900000000000000000e+01
2.700000000000000000e+01
2.600000000000000000e+01
2.500000000000000000e+01
2.410000000000000000e+02
0.000000000000000000e+00
8.000000000000000000e+00
3.620000000000000000e+02
5.440000000000000000e+02
3.880000000000000000e+02
6.410000000000000000e+02
2.800000000000000000e+02
0.000000000000000000e+00
0.000000000000000000e+00
0.000000000000000000e+00
0.000000000000000000e+00
7.980000000000000000e+02
2.530000000000000000e+02
9.200000000000000000e+01
6.800000000000000000e+01
1.760000000000000000e+02
0.000000000000000000e+00
0.000000000000000000e+00
1.500000000000000000e+01
