4.800000000000000000e+01
3.870000000000000000e+02
3.420000000000000000e+02
5.800000000000000000e+01
0.000000000000000000e+00
1.340000000000000000e+02
0.000000000000000000e+00
0.000000000000000000e+00
8.280000000000000000e+02
7.200000000000000000e+01
4.900000000000000000e+01
3.100000000000000000e+01
5.600000000000000000e+01
2.200000000000000000e+01
1.900000000000000000e+01
2.100000000000000000e+01
1.330000000000000000e+02
1.970000000000000000e+02
7.300000000000000000e+01
7.600000000000000000e+01
0.000000000000000000e+00
0.000000000000000000e+00
3.650000000000000000e+02
0.000000000000000000e+00
5.100000000000000000e+01
2.630000000000000000e+02
1.990000000000000000e+02
8.400000000000000000e+01
1.540000000000000000e+02
8.000000000000000000e+00
1.140000000000000000e+02
5.000000000000000000e+01
