0.000000000000000000e+00
9.600000000000000000e+01
4.430000000000000000e+02
0.000000000000000000e+00
0.000000000000000000e+00
1.099000000000000000e+03
1.000000000000000000e+00
0.000000000000000000e+00
0.000000000000000000e+00
0.000000000000000000e+00
0.000000000000000000e+00
0.000000000000000000e+00
0.000000000000000000e+00
0.000000000000000000e+00
0.000000000000000000e+00
6.480000000000000000e+02
6.140000000000000000e+02
1.210000000000000000e+02
1.130000000000000000e+02
1.970000000000000000e+02
0.000000000000000000e+00
0.000000000000000000e+00
0.000000000000000000e+00
0.000000000000000000e+00
3.920000000000000000e+02
0.000000000000000000e+00
4.000000000000000000e+00
2.000000000000000000e+00
6.500000000000000000e+01
2.000000000000000000e+00
3.700000000000000000e+01
0.000000000000000000e+00
